12223
28051
26245
22623
17809
1411
24222
4144
798
12033
24869
29094
8684
674
12407
14115
27265
920
13683
28035
12852
28798
16549
31123
6313
2378
1605
22303
4190
11571
26046
3456
15657
21543
13529
16750
3047
24235
7806
16620
22584
6655
5118
716
23107
24962
30468
29018
6552
7266
9936
26940
32563
8490
19243
15910
3458
1314
400
20421
8146
28957
13294
2971
10386
26479
7172
27006
12355
4485
6233
30583
27435
21901
28932
4991
27185
29469
12355
27079
1233
3958
4310
29469
23551
25696
18991
30711
13246
26656
14728
15753
18427
17243
16896
212
5269
7801
23822
3827
22778
5861
6510
17074
23122
7173
17051
14861
13828
15055
30297
25463
17243
31726
30319
31230
16217
16898
18972
30957
9138
23017
12754
11952
7937
304
14892
22834
5894
25714
7359
13242
5268
5389
28431
12716
14473
15507
4769
30540
4740
589
29394
2639
10431
13877
13231
5149
11685
19542
4601
5827
4415
27909
8463
9356
19184
16605
18623
15933
9696
2587
24654
2039
28791
8695
659
29224
1455
11476
13914
13237
19729
24282
12535
22382
27797
10849
28521
32290
25350
27134
24623
32106
17891
32137
14187
25433
24966
18737
31533
1353
8919
32424
30507
8926
30115
29294
9102
24156
30182
58
30327
6939
31330
31431
21673
7791
22636
6443
5672
24609
27192
18557
7659
19093
5014
4277
13267
23505
11792
18641
29750
24154
21074
3455
8161
27093
2877
25537
5322
9379
24752
16369
4743
3524
30130
15678
28261
4625
12235
12691
31834
21575
23369
1771
10896
27247
27534
2151
7003
8130
4714
8289
31337
2313
13764
16821
22077
785
31801
3421
24263
17881
10927
10983
21900
29711
10271
19653
14243
5101
21497
21926
11624
1270
14460
15322
6109
7819
24025
9083
26664
32417
13777
6289
27150
16992
18174
13807
20719
3169
3336
2688
19859
28599
10286
29179
2022
15330
25398
29428
13323
15965
25889
25143
5886
12190
10926
29140
29293
13455
20896
27299
12478
15264
32571
19388
26666
21747
921
30274
19439
9273
1406
15520
32198
12344
27863
26989
7364
9819
26437
15533
636
8687
21941
31185
27800
21210
20084
19590
29409
9518
10226
27328
22817
4437
13462
20543
12914
3888
5602
28117
5305
27189
19485
23222
8065
32061
8001
21292
31943
27496
25175
5910
26226
21584
22824
6483
31040
10746
27501
1026
32124
21464
28550
32434
356
31273
30157
23077
25773
17230
17893
27276
26423
7447
26573
15312
7397
31829
28671
29068
28210
25906
23466
32367
356
21623
11486
24962
4316
27968
19765
12378
32158
3312
10970
30178
9417
17950
24474
14470
4284
28989
9202
24445
14780
20981
12088
18016
20299
30662
1796
3797
28723
20227
12736
23598
23337
18594
6481
19459
29907
30876
18471
30808
24793
310
16590
14625
29824
19209
6309
21155
23819
24170
20564
5148
18378
22701
15849
11334
10976
21857
21447
13866
17591
29485
18314
19149
17363
21035
5411
29259
7839
28162
17493
7687
8193
26689
32076
28478
26788
18253
29700
8397
10524
19976
16311
10682
15902
30513
25517
9428
2976
1238
6525
7814
20098
13625
8357
19420
26201
31875
11140
20107
22298
6148
19687
1383
16653
23947
9640
6496
8778
11773
20952
12682
29878
30275
26736
20095
24076
7975
26594
2448
21964
12286
25445
21437
26802
8469
22486
12540
20532
23814
6704
19095
1629
1579
22869
31178
6173
7328
8939
16612
32302
28696
28430
20806
27756
26132
28158
2263
15590
30335
2340
18203
11232
18734
18743
3099
23797
7417
17254
14208
3485
29884
11805
18143
16739
27417
30599
25626
32182
29951
13181
7974
23470
15473
13087
13851
19552
10301
2760
15114
17310
11023
28385
28158
30953
3217
25310
3540
16474
24479
19341
25901
4274
3545
22281
10872
30003
17183
32203
11648
11798
14681
8799
12011
26450
23134
13333
30065
20867
18319
24655
10753
9941
26414
30639
16659
5061
25065
6968
25755
17565
1791
14090
31688
18162
10678
27929
2426
26084
2832
1618
21900
22502
3362
26569
31966
18313
28008
27453
1204
8800
29616
30175
17755
19686
21878
5509
2351
2415
23490
1203
16759
15958
12951
29597
25294
17295
16551
695
10803
13538
24931
25953
12477
21284
12244
1818
20465
18671
755
1923
8754
22804
25494
26661
31550
25043
13737
5812
10699
28854
10998
18117
8492
9924
13460
24993
13311
7735
12034
16878
16173
21669
5897
2958
1927
29422
21713
25986
926
15496
18639
23180
17119
12165
30212
30482
10980
28088
2247
20061
27837
13698
13343
26332
31886
24062
28888
11977
15309
12830
8101
2726
3359
29229
21613
16874
20724
1629
26475
5596
28657
25710
1756
10053
24019
25154
2128
22807
1337
17378
22035
6354
12692
19391
12957
13685
15025
9248
26710
29935
27905
2507
17403
3944
19705
16498
29269
31083
27044
787
148
17563
27194
7200
19374
10657
29960
4628
31881
15846
7863
365
28042
20826
5952
2029
20950
3560
15719
12017
16997
9430
4419
19449
19588
18435
31702
24095
7464
27427
14572
1375
7898
16724
17176
1662
5619
25983
17624
19190
15717
15621
13822
29352
10812
3283
6322
17128
20167
6864
7544
22829
30944
6398
26729
7244
15791
6901
17844
1972
14568
25859
4026
1493
3975
12745
15697
18646
8607
15532
14006
1957
3038
24137
4667
18532
21243
20961
11971
25616
29886
6043
6558
3568
17241
28874
15822
4666
22420
4411
13767
22018
4304
2136
16894
4554
17676
3146
12348
30461
6921
14917
20590
27131
9559
23723
1345
218
14654
1836
20168
13222
14763
11190
26946
27628
17725
14557
18579
9496
3742
14547
20714
28767
25640
24798
6019
6785
23660
27675
15132
22661
30163
22135
16865
29480
6579
29550
15681
17616
10516
27762
31306
13348
8610
25621
31305
31966
23496
31644
3336
10784
24086
26327
5631
13016
16547
18972
7180
16272
2210
13084
2420
16665
30275
11844
20533
28563
6026
936
12989
4869
19289
11014
16651
257
8812
24908
2435
29296
11339
5324
7290
11366
18669
22293
27120
8596
2163
20444
17373
23308
26240
2850
924
24366
30799
7224
27316
12628
15190
32588
13499
13804
28091
10734
18434
100
15028
13064
5127
20510
6978
8973
19469
18188
32572
18715
12540
4471
31971
17148
24706
31243
28488
2822
23030
20841
26956
16700
29147
22346
27301
1170
24565
23982
23174
9510
15313
20379
15230
