12223
28051
26245
22623
17809
1411
24222
4144
798
12033
24869
29094
8684
674
12407
14115
27265
920
13683
28035
12852
28798
16549
31123
6313
2378
1605
22303
4190
11571
26046
3456
15657
21543
13529
16750
3047
24235
7806
16620
22584
6655
5118
716
23107
24962
30468
29018
6552
7266
9936
26940
32563
8490
19243
15910
3458
1314
400
20421
8146
28957
13294
2971
10386
26479
7172
27006
12355
4485
6233
30583
27435
21901
28932
4991
27185
29469
12355
27079
1233
3958
4310
29469
23551
25696
18991
30711
13246
26656
14728
15753
18427
17243
16896
212
5269
7801
23822
3827
22778
5861
6510
17074
23122
7173
17051
14861
13828
15055
30297
25463
17243
31726
30319
31230
16217
16898
18972
30957
9138
23017
12754
11952
7937
304
14892
22834
5894
25714
7359
13242
5268
5389
28431
12716
14473
15507
4769
30540
4740
589
29394
2639
10431
13877
13231
5149
11685
19542
4601
5827
4415
27909
8463
9356
19184
16605
18623
15933
9696
2587
24654
2039
28791
8695
659
29224
1455
11476
13914
13237
19729
24282
12535
22382
27797
10849
28521
32290
25350
27134
24623
32106
17891
32137
14187
25433
24966
18737
31533
1353
8919
32424
30507
8926
30115
29294
9102
24156
30182
58
30327
6939
31330
31431
21673
7791
22636
6443
5672
24609
27192
18557
7659
19093
5014
4277
13267
23505
11792
18641
29750
24154
21074
3455
8161
27093
2877
25537
5322
9379
24752
16369
4743
3524
30130
15678
28261
4625
12235
12691
31834
21575
23369
1771
10896
27247
27534
2151
7003
8130
4714
8289
31337
2313
13764
16821
22077
785
31801
3421
24263
17881
10927
10983
21900
29711
10271
19653
14243
5101
21497
21926
11624
1270
14460
15322
6109
7819
24025
9083
26664
32417
13777
6289
27150
16992
18174
13807
20719
3169
3336
2688
19859
28599
10286
29179
2022
15330
25398
29428
13323
15965
25889
25143
5886
12190
10926
29140
29293
13455
20896
27299
12478
15264
32571
19388
26666
21747
921
30274
19439
9273
1406
15520
32198
12344
27863
26989
7364
9819
26437
15533
636
8687
21941
31185
27800
21210
20084
19590
29409
9518
10226
27328
22817
4437
13462
20543
12914
3888
5602
28117
5305
27189
19485
23222
8065
32061
8001
21292
31943
27496
25175
5910
26226
21584
22824
6483
31040
10746
27501
1026
32124
21464
28550
32434
356
31273
30157
23077
25773
17230
17893
27276
26423
7447
26573
15312
7397
31829
28671
29068
28210
25906
23466
32367
356
21623
11486
24962
4316
27968
19765
12378
32158
3312
10970
30178
9417
17950
24474
14470
4284
28989
9202
24445
14780
20981
12088
18016
20299
30662
1796
3797
28723
20227
12736
23598
23337
18594
6481
19459
29907
30876
18471
30808
24793
310
16590
14625
29824
19209
6309
21155
23819
24170
20564
5148
18378
22701
15849
11334
10976
21857
21447
13866
17591
29485
18314
19149
17363
21035
5411
29259
7839
28162
17493
7687
8193
26689
32076
28478
26788
18253
29700
8397
10524
19976
16311
10682
15902
30513
25517
9428
2976
1238
6525
7814
20098
13625
8357
19420
26201
31875
11140
20107
22298
6148
