19687
1383
16653
23947
9640
6496
8778
11773
20952
12682
29878
30275
26736
20095
24076
7975
26594
2448
21964
12286
25445
21437
26802
8469
22486
12540
20532
23814
6704
19095
1629
1579
22869
31178
6173
7328
8939
16612
32302
28696
28430
20806
27756
26132
28158
2263
15590
30335
2340
18203
11232
18734
18743
3099
23797
7417
17254
14208
3485
29884
11805
18143
16739
27417
30599
25626
32182
29951
13181
7974
23470
15473
13087
13851
19552
10301
2760
15114
17310
11023
28385
28158
30953
3217
25310
3540
16474
24479
19341
25901
4274
3545
22281
10872
30003
17183
32203
11648
11798
14681
8799
12011
26450
23134
13333
30065
20867
18319
24655
10753
9941
26414
30639
16659
5061
25065
6968
25755
17565
1791
14090
31688
18162
10678
27929
2426
26084
2832
1618
21900
22502
3362
26569
31966
18313
28008
27453
1204
8800
29616
30175
17755
19686
21878
5509
2351
2415
23490
1203
16759
15958
12951
29597
25294
17295
16551
695
10803
13538
24931
25953
12477
21284
12244
1818
20465
18671
755
1923
8754
22804
25494
26661
31550
25043
13737
5812
10699
28854
10998
18117
8492
9924
13460
24993
13311
7735
12034
16878
16173
21669
5897
2958
1927
29422
21713
25986
926
15496
18639
23180
17119
12165
30212
30482
10980
28088
2247
20061
27837
13698
13343
26332
31886
24062
28888
11977
15309
12830
8101
2726
3359
29229
21613
16874
20724
1629
26475
5596
28657
25710
1756
10053
24019
25154
2128
22807
1337
17378
22035
6354
12692
19391
12957
13685
15025
9248
26710
29935
27905
2507
17403
3944
19705
16498
29269
31083
27044
787
148
17563
27194
7200
19374
10657
29960
4628
31881
15846
7863
365
28042
20826
5952
2029
20950
3560
15719
12017
16997
9430
4419
19449
19588
18435
31702
24095
7464
27427
14572
1375
7898
16724
17176
1662
5619
25983
17624
19190
15717
15621
13822
29352
10812
3283
6322
17128
20167
6864
7544
22829
30944
6398
26729
7244
15791
6901
17844
1972
14568
25859
4026
1493
3975
12745
15697
18646
8607
15532
14006
1957
3038
24137
4667
18532
21243
20961
11971
25616
29886
6043
6558
3568
17241
28874
15822
4666
22420
4411
13767
22018
4304
2136
16894
4554
17676
3146
12348
30461
6921
14917
20590
27131
9559
23723
1345
218
14654
1836
20168
13222
14763
11190
26946
27628
17725
14557
18579
9496
3742
14547
20714
28767
25640
24798
6019
6785
23660
27675
15132
22661
30163
22135
16865
29480
6579
29550
15681
17616
10516
27762
31306
13348
8610
25621
31305
31966
23496
31644
3336
10784
24086
26327
5631
13016
16547
18972
7180
16272
2210
13084
2420
16665
30275
11844
20533
28563
6026
936
12989
4869
19289
11014
16651
257
8812
24908
2435
29296
11339
5324
7290
11366
18669
22293
27120
8596
2163
20444
17373
23308
26240
2850
924
24366
30799
7224
27316
12628
15190
32588
13499
13804
28091
10734
18434
100
15028
13064
5127
20510
6978
8973
19469
18188
32572
18715
12540
4471
31971
17148
24706
31243
28488
2822
23030
20841
26956
16700
29147
22346
27301
1170
24565
23982
23174
9510
15313
20379
15230
