39374
2766
33306
47894
19280
12992
17556
23546
41904
25364
59756
60550
53472
40190
48152
15950
53188
4896
43928
24572
50890
42874
53604
16938
44972
25080
41064
47628
13408
38190
3258
3158
45738
62356
12346
14656
17878
33224
64604
57392
56860
41612
55512
52264
56316
4526
31180
60670
4680
36406
22464
37468
37486
6198
47594
14834
34508
28416
6970
59768
23610
36286
33478
54834
61198
51252
64364
59902
26362
15948
46940
30946
26174
27702
39104
20602
5520
30228
34620
22046
56770
56316
61906
6434
50620
7080
32948
48958
38682
51802
8548
7090
44562
21744
60006
34366
64406
23296
23596
29362
17598
24022
52900
46268
26666
60130
41734
36638
49310
21506
19882
52828
61278
33318
10122
50130
13936
51510
35130
3582
28180
63376
36324
21356
55858
4852
52168
5664
3236
43800
45004
6724
53138
63932
36626
56016
54906
2408
17600
59232
60350
35510
39372
43756
11018
4702
4830
46980
2406
33518
31916
25902
59194
50588
34590
33102
1390
21606
27076
49862
51906
24954
42568
24488
3636
40930
37342
1510
3846
17508
45608
50988
53322
63100
50086
27474
11624
21398
57708
21996
36234
16984
19848
26920
49986
26622
15470
24068
33756
32346
43338
11794
5916
3854
58844
43426
51972
1852
30992
37278
46360
34238
24330
60424
60964
21960
56176
4494
40122
55674
27396
26686
52664
63772
48124
57776
23954
30618
25660
16202
5452
6718
58458
43226
33748
41448
3258
52950
11192
57314
51420
3512
20106
48038
50308
4256
45614
2674
34756
44070
12708
25384
38782
25914
27370
30050
18496
53420
59870
55810
5014
34806
7888
39410
32996
58538
62166
54088
1574
296
35126
54388
14400
38748
21314
59920
9256
63762
31692
15726
730
56084
41652
11904
4058
41900
7120
31438
24034
33994
18860
8838
38898
39176
36870
63404
48190
14928
54854
29144
2750
15796
33448
34352
3324
11238
51966
35248
38380
31434
31242
27644
58704
21624
6566
12644
34256
40334
13728
15088
45658
61888
12796
53458
14488
31582
13802
35688
3944
29136
51718
8052
2986
7950
25490
31394
37292
17214
31064
28012
3914
6076
48274
9334
37064
42486
41922
23942
51232
59772
12086
13116
7136
34482
57748
31644
9332
44840
8822
27534
44036
8608
4272
33788
9108
35352
6292
24696
60922
13842
29834
41180
54262
19118
47446
2690
436
29308
3672
40336
26444
29526
22380
53892
55256
35450
29114
37158
18992
7484
29094
41428
57534
51280
49596
12038
13570
47320
55350
30264
45322
60326
44270
33730
58960
13158
59100
31362
35232
21032
55524
62612
26696
17220
51242
62610
63932
46992
63288
6672
21568
48172
52654
11262
26032
33094
37944
14360
32544
4420
26168
4840
33330
60550
23688
41066
57126
12052
1872
25978
9738
38578
22028
33302
514
17624
49816
4870
58592
22678
10648
14580
22732
37338
44586
54240
17192
4326
40888
34746
46616
52480
5700
1848
48732
61598
14448
54632
25256
30380
65176
26998
27608
56182
21468
36868
200
30056
26128
10254
41020
13956
17946
38938
36376
65144
37430
25080
8942
63942
34296
49412
62486
56976
5644
46060
41682
53912
33400
58294
44692
54602
2340
49130
47964
46348
19020
30626
40758
30460
