24446
56102
52490
45246
35618
2822
48444
8288
1596
24066
49738
58188
17368
1348
24814
28230
54530
1840
27366
56070
25704
57596
33098
62246
12626
4756
3210
44606
8380
23142
52092
6912
31314
43086
27058
33500
6094
48470
15612
33240
45168
13310
10236
1432
46214
49924
60936
58036
13104
14532
19872
53880
65126
16980
38486
31820
6916
2628
800
40842
16292
57914
26588
5942
20772
52958
14344
54012
24710
8970
12466
61166
54870
43802
57864
9982
54370
58938
24710
54158
2466
7916
8620
58938
47102
51392
37982
61422
26492
53312
29456
31506
36854
34486
33792
424
10538
15602
47644
7654
45556
11722
13020
34148
46244
14346
34102
29722
27656
30110
60594
50926
34486
63452
60638
62460
32434
33796
37944
61914
18276
46034
25508
23904
15874
608
29784
45668
11788
51428
14718
26484
10536
10778
56862
25432
28946
31014
9538
61080
9480
1178
58788
5278
20862
27754
26462
10298
23370
39084
9202
11654
8830
55818
16926
18712
38368
33210
37246
31866
19392
5174
49308
4078
57582
17390
1318
58448
2910
22952
27828
26474
39458
48564
25070
44764
55594
21698
57042
64580
50700
54268
49246
64212
35782
64274
28374
50866
49932
37474
63066
2706
17838
64848
61014
17852
60230
58588
18204
48312
60364
116
60654
13878
62660
62862
43346
15582
45272
12886
11344
49218
54384
37114
15318
38186
10028
8554
26534
47010
23584
37282
59500
48308
42148
6910
16322
54186
5754
51074
10644
18758
49504
32738
9486
7048
60260
31356
56522
9250
24470
25382
63668
43150
46738
3542
21792
54494
55068
4302
14006
16260
9428
16578
62674
4626
27528
33642
44154
1570
63602
6842
48526
35762
21854
21966
43800
59422
20542
39306
28486
10202
42994
43852
23248
2540
28920
30644
12218
15638
48050
18166
53328
64834
27554
12578
54300
33984
36348
27614
41438
6338
6672
5376
39718
57198
20572
58358
4044
30660
50796
58856
26646
31930
51778
50286
11772
24380
21852
58280
58586
26910
41792
54598
24956
30528
65142
38776
53332
43494
1842
60548
38878
18546
2812
31040
64396
24688
55726
53978
14728
19638
52874
31066
1272
17374
43882
62370
55600
42420
40168
39180
58818
19036
20452
54656
45634
8874
26924
41086
25828
7776
11204
56234
10610
54378
38970
46444
16130
64122
16002
42584
63886
54992
50350
11820
52452
43168
45648
12966
62080
21492
55002
2052
64248
42928
57100
64868
712
62546
60314
46154
51546
34460
35786
54552
52846
14894
53146
30624
14794
63658
57342
58136
56420
51812
46932
64734
712
43246
22972
49924
8632
55936
39530
24756
64316
6624
21940
60356
18834
35900
48948
28940
8568
57978
18404
48890
29560
41962
24176
36032
40598
61324
3592
7594
57446
40454
25472
47196
46674
37188
12962
38918
59814
61752
36942
61616
49586
620
33180
29250
59648
38418
12618
42310
47638
48340
41128
10296
36756
45402
31698
22668
21952
43714
42894
27732
35182
58970
36628
38298
34726
42070
10822
58518
15678
56324
34986
15374
16386
53378
64152
56956
53576
36506
59400
16794
21048
39952
32622
21364
31804
61026
51034
18856
5952
2476
13050
15628
40196
27250
16714
38840
52402
63750
22280
40214
44596
12296
