24446
56102
52490
45246
35618
2822
48444
8288
1596
24066
49738
58188
17368
1348
24814
28230
54530
1840
27366
56070
25704
57596
33098
62246
12626
4756
3210
44606
8380
23142
52092
6912
31314
43086
27058
33500
6094
48470
15612
33240
45168
13310
10236
1432
46214
49924
60936
58036
13104
14532
19872
53880
65126
16980
38486
31820
6916
2628
800
40842
16292
57914
26588
5942
20772
52958
14344
54012
24710
8970
12466
61166
54870
43802
57864
9982
54370
58938
24710
54158
2466
7916
8620
58938
47102
51392
37982
61422
26492
53312
29456
31506
36854
34486
33792
424
10538
15602
47644
7654
45556
11722
13020
34148
46244
14346
34102
29722
27656
30110
60594
50926
34486
63452
60638
62460
32434
33796
37944
61914
18276
46034
25508
23904
15874
608
29784
45668
11788
51428
14718
26484
10536
10778
56862
25432
28946
31014
9538
61080
9480
1178
58788
5278
20862
27754
26462
10298
23370
39084
9202
11654
8830
55818
16926
18712
38368
33210
37246
31866
19392
5174
49308
4078
57582
17390
1318
58448
2910
22952
27828
26474
39458
48564
25070
44764
55594
21698
57042
64580
50700
54268
49246
64212
35782
64274
28374
50866
49932
37474
63066
2706
17838
64848
61014
17852
60230
58588
18204
48312
60364
116
60654
13878
62660
62862
43346
15582
45272
12886
11344
49218
54384
37114
15318
38186
10028
8554
26534
47010
23584
37282
59500
48308
42148
6910
16322
54186
5754
51074
10644
18758
49504
32738
9486
7048
60260
31356
56522
9250
24470
25382
63668
43150
46738
3542
21792
54494
55068
4302
14006
16260
9428
16578
62674
4626
27528
33642
44154
1570
63602
6842
48526
35762
21854
21966
43800
59422
20542
39306
28486
10202
42994
43852
23248
2540
28920
30644
12218
15638
48050
18166
53328
64834
27554
12578
54300
33984
36348
27614
41438
6338
6672
5376
39718
57198
20572
58358
4044
30660
50796
58856
26646
31930
51778
50286
11772
24380
21852
58280
58586
26910
41792
54598
24956
30528
65142
38776
53332
43494
1842
60548
38878
18546
2812
31040
64396
24688
55726
53978
14728
19638
52874
31066
1272
17374
43882
62370
55600
42420
40168
39180
58818
19036
20452
54656
45634
8874
26924
41086
25828
7776
11204
56234
10610
54378
38970
46444
16130
64122
16002
42584
63886
54992
50350
11820
52452
43168
45648
12966
62080
21492
55002
2052
64248
42928
57100
64868
712
62546
60314
46154
51546
34460
35786
54552
52846
14894
53146
30624
14794
63658
57342
58136
56420
51812
46932
64734
712
43246
22972
49924
8632
55936
39530
24756
64316
6624
21940
60356
18834
35900
48948
28940
8568
57978
18404
48890
29560
41962
24176
36032
40598
61324
3592
7594
57446
40454
25472
47196
46674
37188
12962
38918
59814
61752
36942
61616
49586
620
33180
29250
59648
38418
12618
42310
47638
48340
41128
10296
36756
45402
31698
22668
21952
43714
42894
27732
35182
58970
36628
38298
34726
42070
10822
58518
15678
56324
34986
15374
16386
53378
64152
56956
53576
36506
59400
16794
21048
39952
32622
21364
31804
61026
51034
18856
5952
2476
13050
15628
40196
27250
16714
38840
52402
63750
22280
40214
44596
12296
39374
2766
33306
47894
19280
12992
17556
23546
41904
25364
59756
60550
53472
40190
48152
15950
53188
4896
43928
24572
50890
42874
53604
16938
44972
25080
41064
47628
13408
38190
3258
3158
45738
62356
12346
14656
17878
33224
64604
57392
56860
41612
55512
52264
56316
4526
31180
60670
4680
36406
22464
37468
37486
6198
47594
14834
34508
28416
6970
59768
23610
36286
33478
54834
61198
51252
64364
59902
26362
15948
46940
30946
26174
27702
39104
20602
5520
30228
34620
22046
56770
56316
61906
6434
50620
7080
32948
48958
38682
51802
8548
7090
44562
21744
60006
34366
64406
23296
23596
29362
17598
24022
52900
46268
26666
60130
41734
36638
49310
21506
19882
52828
61278
33318
10122
50130
13936
51510
35130
3582
28180
63376
36324
21356
55858
4852
52168
5664
3236
43800
45004
6724
53138
63932
36626
56016
54906
2408
17600
59232
60350
35510
39372
43756
11018
4702
4830
46980
2406
33518
31916
25902
59194
50588
34590
33102
1390
21606
27076
49862
51906
24954
42568
24488
3636
40930
37342
1510
3846
17508
45608
50988
53322
63100
50086
27474
11624
21398
57708
21996
36234
16984
19848
26920
49986
26622
15470
24068
33756
32346
43338
11794
5916
3854
58844
43426
51972
1852
30992
37278
46360
34238
24330
60424
60964
21960
56176
4494
40122
55674
27396
26686
52664
63772
48124
57776
23954
30618
25660
16202
5452
6718
58458
43226
33748
41448
3258
52950
11192
57314
51420
3512
20106
48038
50308
4256
45614
2674
34756
44070
12708
25384
38782
25914
27370
30050
18496
53420
59870
55810
5014
34806
7888
39410
32996
58538
62166
54088
1574
296
35126
54388
14400
38748
21314
59920
9256
63762
31692
15726
730
56084
41652
11904
4058
41900
7120
31438
24034
33994
18860
8838
38898
39176
36870
63404
48190
14928
54854
29144
2750
15796
33448
34352
3324
11238
51966
35248
38380
31434
31242
27644
58704
21624
6566
12644
34256
40334
13728
15088
45658
61888
12796
53458
14488
31582
13802
35688
3944
29136
51718
8052
2986
7950
25490
31394
37292
17214
31064
28012
3914
6076
48274
9334
37064
42486
41922
23942
51232
59772
12086
13116
7136
34482
57748
31644
9332
44840
8822
27534
44036
8608
4272
33788
9108
35352
6292
24696
60922
13842
29834
41180
54262
19118
47446
2690
436
29308
3672
40336
26444
29526
22380
53892
55256
35450
29114
37158
18992
7484
29094
41428
57534
51280
49596
12038
13570
47320
55350
30264
45322
60326
44270
33730
58960
13158
59100
31362
35232
21032
55524
62612
26696
17220
51242
62610
63932
46992
63288
6672
21568
48172
52654
11262
26032
33094
37944
14360
32544
4420
26168
4840
33330
60550
23688
41066
57126
12052
1872
25978
9738
38578
22028
33302
514
17624
49816
4870
58592
22678
10648
14580
22732
37338
44586
54240
17192
4326
40888
34746
46616
52480
5700
1848
48732
61598
14448
54632
25256
30380
65176
26998
27608
56182
21468
36868
200
30056
26128
10254
41020
13956
17946
38938
36376
65144
37430
25080
8942
63942
34296
49412
62486
56976
5644
46060
41682
53912
33400
58294
44692
54602
2340
49130
47964
46348
19020
30626
40758
30460
