6127
10358
2425
29497
14817
12541
18547
10319
8614
23701
32267
18690
31739
4069
19436
25051
29538
16669
14770
11722
29788
8770
28517
26212
20110
31428
4
21238
111
10993
18669
32515
18055
16957
1489
14447
12015
27371
24177
2494
11522
9692
17730
23097
9121
15085
1721
32732
3739
13925
26533
15876
9573
19719
29974
2596
7706
2051
25949
22789
26701
27988
1683
27275
24691
937
9635
31853
10845
28827
15706
21655
15037
29248
7812
856
23823
7097
9983
18671
26594
7343
1609
17616
13238
23620
18260
18421
29184
24516
26011
6110
15969
6430
21925
29901
32356
12870
7741
21481
5933
12249
11530
28954
25238
5520
7304
18795
26397
22621
17908
26900
6506
17863
2051
22198
11581
5173
30013
7201
17621
15836
32161
9287
29887
2948
13876
26063
4980
26928
15445
4375
9850
2502
22898
31500
18097
15709
24912
9202
3971
9596
21464
6744
31983
12424
31396
788
32344
3874
331
31133
22834
17046
32325
15126
3480
13387
9691
641
9628
15540
17060
20056
21146
3800
16310
22464
28571
17503
27451
18910
27418
27523
32713
12687
28043
6936
14750
10707
14493
24535
6940
15985
28389
32271
25594
18918
317
1271
12952
19445
8098
3892
29165
18381
5185
20573
15941
31883
9321
16619
30957
21572
25598
25912
5243
26691
3944
1386
4461
24627
13536
1706
9334
17111
2900
5521
25843
30764
1826
2024
16579
2659
23497
3335
20535
21088
28935
32001
27036
15145
27735
15155
9629
27473
17307
3452
9690
25964
17855
13480
24576
11931
31193
6687
20615
14448
25407
13676
6065
1639
18761
4387
26641
26083
9490
21486
10498
29849
22388
28046
21289
5198
6188
6349
26882
13432
9922
15773
9421
5250
32725
14987
16161
26182
15547
25943
11064
32295
12097
27730
30053
7048
1678
22041
7602
884
29157
19023
25164
23737
3355
8914
16356
15800
22234
2245
13421
1132
24568
99
29487
18445
7213
22090
11824
4524
13993
4905
4803
3676
25871
16195
20005
4593
11453
16366
12491
10330
1911
15657
29233
770
5792
13850
27774
1158
21931
28604
23714
20416
26332
16041
30465
19033
28161
15855
23962
4473
23934
2639
24335
632
31179
21573
108
9388
17306
25326
18398
19162
15133
24863
13998
12936
14190
27439
16849
19713
2360
20770
9446
27161
25864
12264
3516
29294
10849
29519
28924
3521
518
19095
24035
20324
25861
2392
10466
14319
7159
20569
17774
26457
20725
15783
19354
23247
1373
6610
15237
23708
27219
16743
28355
16022
30439
13680
21227
26877
6832
28150
3725
26269
31625
10696
15510
6608
10146
9184
13292
20399
1865
18954
1085
26941
24370
16490
25536
859
21794
3221
10194
19526
3826
11606
9169
6483
25967
28985
20387
26784
11014
20982
24420
12779
32641
15743
7274
20393
20011
14360
19376
21856
22137
2240
12006
15461
13866
10457
8370
27187
6534
32370
19762
7739
5062
18193
8773
6401
28429
10798
5050
28717
10021
31750
26004
18499
24938
18670
25750
17056
1955
13521
13695
1696
15907
6631
6903
30607
27914
31471
16832
27893
30337
8863
30525
31641
17930
11425
20064
15
11640
6365
17158
19654
26774
7790
23099
31164
3539
13508
6027
29491
5022
27130
13199
12731
9327
6938
12381
4302
25855
10605
12798
4040
799
12433
28309
13084
24313
8017
22687
8716
22063
19763
26431
11260
13411
26000
19074
32296
3056
6520
26120
22517
3363
13502
19280
13776
7496
7814
14701
20620
26290
3646
7546
2648
17349
27032
10159
3041
7175
23314
22702
6574
11392
4451
28537
29471
12964
23360
5890
19960
1964
25946
1467
18112
32477
16546
1487
2116
4258
9064
5226
15227
22653
344
29327
23130
11445
29125
28274
542
27677
6161
31859
3623
16177
2749
26575
26726
26779
9840
9240
30079
30905
30328
26404
6307
31174
19148
29790
3333
26150
5034
6280
11277
21586
4209
8848
25698
28366
3041
32572
26732
24058
20771
31634
25380
9651
27551
29541
20081
12443
9423
11527
19841
9137
5023
25471
26998
19758
17456
18569
4960
17333
16515
10047
28524
3022
10121
12532
16657
2722
12761
5034
707
18466
10997
25998
29551
10771
22267
27115
26375
17547
3317
9074
27408
15394
20726
29606
18467
10938
26989
5686
25615
26245
21676
31522
29709
608
29535
515
30058
29405
11561
30596
19932
6266
31642
15391
13104
15188
8866
16383
24173
28748
17745
17906
28248
11772
3921
14329
1138
23436
923
32281
4589
25245
23311
16016
9424
26912
8360
14722
5206
2994
23623
2006
628
21268
4773
1774
3255
15513
18967
4749
7994
155
24576
3468
12189
21548
29235
26052
11792
21273
8036
13023
22465
14626
26568
25866
25932
5805
29043
19540
23795
25850
3240
19429
32340
26737
864
20381
1370
1750
1718
30143
10147
19486
19441
13906
9612
30545
30213
6177
30050
18073
20026
2306
4402
18194
18355
28082
833
28248
17550
1073
12616
10629
6704
25151
23879
3083
21011
12846
19507
24641
4422
20596
32209
13362
20448
6668
10689
20942
28006
21078
14038
24078
23583
24220
1599
13128
27629
24719
29840
2328
28999
3003
29798
4986
15190
17230
14393
8597
17409
12633
19677
16026
29163
11963
22867
7052
20813
7267
14728
26296
2319
26982
25369
23707
17838
16870
14528
8460
21322
25038
5505
28113
1372
12571
15920
14119
21709
24480
9318
21610
2401
3433
11396
17909
19443
31411
26430
31025
17909
30243
19179
3306
8429
13974
21703
26980
9423
19050
6116
4629
8651
3195
28511
1470
24833
12824
18994
8354
20772
1121
26627
12464
10811
32113
19639
3020
17894
26287
2738
15923
1299
13979
24018
19941
6573
16325
9529
15913
300
25417
1739
31052
21282
14645
14964
9381
14185
14765
10505
25855
22796
21014
12539
19628
27369
7563
11124
12472
5871
21611
11022
17719
25558
10839
19002
32383
4691
8104
5202
7110
18080
30863
27809
4667
14834
2017
22582
640
16070
28387
23997
27277
18241
27885
16936
30600
10509
17451
26717
18553
22845
5351
14003
30264
22381
7559
20761
26758
17070
19480
24518
26881
25561
18811
10321
22942
13400
290
13508
29817
28740
26692
706
5215
15616
10262
11776
6877
27915
8685
10532
31292
22377
24177
4693
24313
793
32338
6454
21905
25822
27558
26154
14926
26655
11569
8347
2602
1784
19079
7577
23808
10693
15920
3334
11851
9256
21552
1353
