18350
38409
28670
52120
32626
13952
42769
14463
9412
35734
57136
47784
40423
4743
31843
39166
56803
17589
28453
39757
42640
37568
45066
57335
26423
33806
1609
43541
4301
22564
44715
35971
33712
38500
15018
31197
15062
51606
31983
19114
34106
16347
22848
23813
32228
40047
32189
61750
10291
21191
36469
42816
42136
28209
49217
18506
11164
3365
26349
43210
34847
56945
14977
30246
35077
27416
16807
58859
23200
33312
21939
52238
42472
51149
36744
5847
51008
36566
22338
45750
27827
11301
5919
47085
36789
49316
37251
49132
42430
51172
40739
21863
34396
23673
38821
30113
37625
20671
31563
25308
28711
18110
18040
46028
48360
12693
24355
33656
40225
37676
48205
52363
23749
49589
32370
53428
27798
22071
48985
38158
26759
38853
44915
21239
37824
3252
28768
48897
10874
52642
22804
17617
15118
7891
51329
44216
32570
31216
29681
39742
8711
10185
50858
9383
42414
26301
44627
5937
44029
23416
4932
36960
27249
44955
40788
24482
22664
29992
28314
16574
19324
18127
41714
22095
49937
12495
16969
51688
30026
28979
41365
32147
47147
51805
45248
35069
55840
17785
43271
42997
39843
51669
31563
48091
46280
64408
39781
44351
25283
20008
44485
20798
17017
36316
59672
27307
35300
49867
25043
56039
39503
16677
61284
28511
56928
57343
26916
34482
26580
7829
10133
49236
40728
20263
16993
36204
7914
9798
39110
54269
13618
20665
46329
26813
44571
6790
28696
48181
31812
57538
32358
24524
52487
31524
14372
30997
47437
19130
37951
30589
30090
26171
56410
33506
54562
8458
31511
41695
52941
15827
13068
9769
23475
12676
57978
28396
23254
38307
32575
30634
54189
31467
45552
23079
17115
17332
48782
43143
20193
35426
23664
10351
54222
36913
27785
27452
30007
41265
17173
40114
36122
36813
56717
39465
15455
28330
34752
17876
47331
32830
45883
26906
6691
11602
36215
44399
32520
31424
15443
16462
49966
29527
42810
34410
33102
47233
17710
16714
24919
34045
34096
17131
46767
43494
32483
19857
44024
35754
39157
32077
2832
45931
48672
10043
7198
29370
59972
13502
49794
55593
31078
30235
52769
31574
31101
27720
50102
47040
51762
25683
44018
22229
53744
10150
41405
48901
22925
13825
30768
45869
31312
23050
20735
52980
19303
40125
33675
50661
24914
51774
10361
42062
41389
54657
51039
18174
29742
50878
33673
36002
59964
14267
28019
20121
56159
41788
54411
34826
10822
45592
37316
43646
43547
43687
38618
43059
45777
30694
27946
21922
22634
55537
55890
45811
56565
41928
53905
46047
21583
48500
18318
53112
8041
54237
51390
23074
47668
9920
21116
39362
22709
38349
26339
33424
5369
55930
33572
40935
40316
21840
33882
21237
30493
50188
5622
15403
37892
26710
38703
52583
43724
45378
17495
40441
54327
43655
51112
46551
32067
20703
36601
28985
49200
41065
28446
23395
35825
39631
34430
15605
26748
49888
22383
43704
30738
29596
26509
32059
26364
35886
46743
29947
22413
49752
15432
61009
33843
46661
42431
26357
33943
43745
34031
41999
40483
19949
45607
15028
17427
50583
44225
42153
32734
58406
55854
18291
33501
32879
24455
19239
40162
13640
19997
25785
43359
51529
37914
27897
45397
37312
23226
14891
22680
53438
14662
33626
21977
24504
30279
19620
42259
34577
52591
30700
36874
12015
27393
14881
50273
25370
49758
29454
49489
17185
44549
32303
46963
35074
20115
45095
20703
33875
25925
37698
32293
29845
12302
30114
51582
42472
35926
28620
42457
46752
54448
5909
23136
32983
19689
45235
21391
21775
25918
26413
46499
13991
28646
18659
32022
59355
24769
41503
22629
47377
32563
51572
33649
48063
45658
24520
24957
17589
17345
22915
24778
25528
25413
15458
46637
34153
39830
57283
59227
3759
52987
9701
48333
28102
35518
28650
30849
30271
49060
20712
39243
47262
63108
41976
38202
20988
39973
31159
56240
26467
39483
35099
27147
29596
46241
14962
18789
52112
59005
19700
37633
51797
31026
46526
49199
27171
23741
59239
47703
30759
40372
11849
37611
22673
10755
26923
47973
30360
46327
49422
36882
32968
44786
17719
18847
58140
33197
27876
32218
38535
8231
15112
7449
24197
19669
27756
41956
42502
40368
47561
44410
42926
18242
14120
22612
52339
41347
33203
50890
30711
12756
47454
24357
26370
28168
30430
54326
55203
27269
61085
25558
43795
35217
22260
59450
30930
24383
40134
25315
26564
40181
22177
24118
36207
45626
33918
39575
34145
14730
5848
43751
22851
49422
1849
47777
23228
48425
40430
28181
39636
57394
19340
42810
7453
23055
51460
15704
13971
47600
36659
25836
32143
27490
34276
17579
16095
2881
27935
32697
33802
38422
49959
27681
38267
26869
36693
38733
24221
24679
50587
51020
28060
28612
30380
36918
45830
32204
15932
38820
45297
40422
15889
29629
28080
31685
29623
32650
27550
23430
39146
30404
38881
61628
57257
6964
30198
35636
47220
9506
23776
28851
48315
32710
32714
44094
25413
1438
40658
31455
12656
27180
44829
6643
36730
24863
36504
34071
8841
40045
51797
31797
52150
30763
18153
48369
42578
22453
21936
40802
40759
25882
7218
39111
45253
43909
45557
17949
42821
32355
40610
8269
21512
34358
34560
15461
24953
35462
50621
22424
55892
19207
38658
13953
38657
9239
29296
52155
6345
28475
29344
36452
33535
35516
23135
23992
35328
26995
8543
52250
6039
31103
37163
35080
33680
50096
39204
27653
8959
7001
28637
46783
35265
36077
48850
35436
31676
52261
23483
5442
25323
18528
39379
30126
21771
49511
13037
19546
29241
30326
38070
25193
26178
13042
33648
10190
40940
14343
41390
23654
37757
59741
37364
17577
36473
35783
6480
30470
22013
42746
49658
44739
12592
23110
33189
43588
15432
48078
31902
53187
38147
44125
21543
38931
29866
32381
21021
53617
54102
34362
21149
45249
58674
39529
34620
44116
9207
32395
35108
44046
31189
23855
35549
51355
11871
24376
7412
20194
20500
47528
58084
16511
35367
30580
28608
1576
29059
33256
43286
38291
34892
28142
25748
55508
12944
46747
38056
23877
30135
16717
32672
52557
49501
16155
22924
47202
34443
42788
50758
29731
26485
43177
41120
30166
40716
12918
28698
62405
42239
40496
28797
15949
34050
10362
26804
19941
33042
29195
17510
40265
41846
42365
37265
43028
13333
36809
38425
39053
50528
58801
54642
17748
49685
32410
35303
19302
30931
41425
34878
24978
35258
39902
26508
21361
24569
41931
16583
